<?xml version="1.0"?>
<opencv_storage>
<intrinsic type_id="opencv-matrix">
  <rows>3</rows>
  <cols>3</cols>
  <dt>d</dt>
  <data>
    2.6502704969417896e+03 0. 9.6915160672522666e+02 0.
    2.6488043621747988e+03 5.3381395503141971e+02 0. 0. 1.</data></intrinsic>
<distortion type_id="opencv-matrix">
  <rows>1</rows>
  <cols>5</cols>
  <dt>d</dt>
  <data>
    1.7512487171494857e-02 -3.9027015261597819e-01
    -1.1910349681797791e-03 3.2978699213568542e-03
    6.3259262912298020e+00</data></distortion>
</opencv_storage>
