<?xml version="1.0"?>
<opencv_storage>
<intrinsic type_id="opencv-matrix">
  <rows>3</rows>
  <cols>3</cols>
  <dt>d</dt>
  <data>
    3.1220165831863505e+03 0. 2.1320748530949377e+03 0.
    3.1158973122580715e+03 1.4483298510227971e+03 0. 0. 1.</data></intrinsic>
<distortion type_id="opencv-matrix">
  <rows>1</rows>
  <cols>5</cols>
  <dt>d</dt>
  <data>
    4.4480270553062307e-02 -1.6932360267888419e-01
    4.2174266795820441e-03 2.6083259513375199e-03 2.0002798084797760e-01</data></distortion>
<R type_id="opencv-matrix">
  <rows>3</rows>
  <cols>3</cols>
  <dt>d</dt>
  <data>
    7.6792871804911567e-03 9.9990229006713949e-01
    -1.1680704896955160e-02 9.9996902330194448e-01
    -7.6585832648681240e-03 1.8161880217461221e-03
    1.7265529110907707e-03 -1.1694290096679246e-02
    -9.9993012885610155e-01</data></R>
<t type_id="opencv-matrix">
  <rows>3</rows>
  <cols>1</cols>
  <dt>d</dt>
  <data>
    3.3092546925043484e+02 7.1348487313282817e+01 4.0247870424022699e+02</data></t>
</opencv_storage>
